3224.92187500 99.14745375 48.53927384 30.91070903 12.06951475 -8.37957004 2.07650703 9.16890316 1.96502669 -0.02360477 -145.99063474 90.85385632 19.91741121 -22.77498174 -14.56800759 -1.64132901 52.17085890 1.47621930 4.74462610 -36.32200082 -7.60721063 -6.43483294 0.69802478 -5.60142788 -8.02695741 -8.30962012 -4.21767122 0.40385320 2.33607613 1.85396098
99.14745375 1246.07263184 15.32178860 15.68195316 6.59296219 -8.38149560 0.17800648 7.12010846 6.39505719 1.78676269 -59.21439926 49.97811207 -1.71837402 -33.26953710 -25.69173564 -11.60879967 12.29422151 -5.83794648 1.54943470 -16.59468026 -4.40857339 -4.52545955 -1.00539829 -2.72090578 -2.83445313 -1.66385982 0.63078994 1.04121471 0.93856386 0.42808112
48.53927384 15.32178814 431.88415527 11.18755293 10.05061124 -1.64711374 9.03299570 5.75759451 6.21409535 0.86065732 1.15637099 -10.85546637 8.44868910 -12.15431647 6.76765978 11.67928161 18.49236658 3.63774001 4.74298966 -6.74600695 -4.01931045 -4.28024241 -0.35784472 1.09066677 1.92875240 2.58182503 4.48958639 3.43190537 2.01452770 1.04724460
30.91070903 15.68195413 11.18755204 233.68513489 3.15554348 -2.38293344 5.29076357 3.31421263 4.94561807 0.88101982 50.63503585 -18.38773101 -14.73252486 -37.11361281 -13.95794777 -1.59857264 8.21607194 5.44691685 7.05521011 -0.02736164 -1.84032345 -2.63290113 -1.61435165 -0.54644064 0.29392478 1.56994574 2.53713633 1.65867810 0.52803947 0.05056365
12.06951475 6.59296219 10.05061139 3.15554348 108.41242218 0.53014916 4.41140931 0.92519209 1.19505428 -0.04661039 25.79665567 -15.11448329 -10.67344538 -14.56239799 -0.09033626 6.51597574 9.45273395 5.96537686 3.61095068 -1.28654324 -2.79558681 -2.27084508 -1.52363507 -0.85809891 0.12927553 0.85524299 1.40363906 1.01127272 0.63782439 0.49513809
-8.37957004 -8.38149641 -1.64711374 -2.38293341 0.53014919 48.27896881 1.70219747 -0.07932860 0.11005195 -0.37768541 10.22423587 -2.12305905 -5.30694316 -11.21240113 -6.99832055 -3.54764454 -0.18575345 2.38579327 2.31890964 0.79486595 -0.72235217 -0.38114282 -0.30451383 0.18134020 0.38144815 0.73569403 0.97514164 0.83196535 0.62530205 0.61768430
2.07650703 0.17800648 9.03299570 5.29076357 4.41140907 1.70219742 35.39304352 -0.69333415 -0.23310774 -0.34592635 -8.85597440 -9.77417306 -6.97402674 -8.93921203 -3.32826617 -0.50586190 2.69278156 1.27574674 2.19884089 0.86698197 -0.34417108 -0.38939834 -0.07033782 0.76258481 0.82029644 1.00205928 1.37994536 1.20995392 0.86370991 0.74258538
9.16890316 7.12010893 5.75759451 3.31421263 0.92519209 -0.07932864 -0.69333416 15.80002117 0.31686201 -0.11466466 4.88533646 -3.03146452 -1.22327955 -8.97752701 -4.47730095 -1.81457506 1.74492014 0.40578411 1.59509578 0.93882958 0.38205690 0.10407918 0.40971208 1.08302820 0.72007282 0.71918689 0.78415675 0.66833301 0.29132163 0.14898608
1.96502669 6.39505719 6.21409535 4.94561754 1.19505437 0.11005188 -0.23310774 0.31686202 6.80682039 0.06216328 -3.13979039 -0.57079494 2.85317054 -2.88822410 -0.67388392 0.00402015 1.30136575 -0.37803777 -0.04908602 0.47477928 -0.04081670 -0.21279760 -0.24742025 0.18265559 0.27234735 0.37486450 0.39603254 0.22458957 -0.01155804 -0.09604287
-0.02360477 1.78676269 0.86065732 0.88101974 -0.04661039 -0.37768541 -0.34592638 -0.11466465 0.06216328 2.62350726 2.57334425 5.40597720 6.25605765 1.82756841 -0.16480406 -0.58043296 -0.75343939 -0.50671961 -0.75843719 -0.15958695 -0.44737857 -0.36926843 -0.43065679 -0.14694223 0.04471877 0.18853469 0.19155020 0.17988564 0.03453513 0.01955862
-145.99063474 -59.21442407 1.15636779 50.63503585 25.79665567 10.22423526 -8.85597335 4.88533715 -3.13979042 2.57334422 11262.70312500 25.33148179 203.67079634 59.46769666 -26.40802056 -19.72556749 -60.45948591 -2.11894197 -24.36068139 -8.43815730 -34.37184541 -21.73693090 -15.41022205 3.10892043 -0.35040470 3.62916857 0.09847159 10.85239913 6.28182245 7.33780129
90.85385632 49.97811207 -10.85546407 -18.38773101 -15.11448214 -2.12305905 -9.77417306 -3.03146408 -0.57079523 5.40597709 25.33147298 4469.47509766 32.68409419 -41.25548637 -44.65248709 -55.39125292 -105.76725256 -39.82611709 -35.56282560 -7.61442535 -13.83985550 -7.97314595 -6.58922390 1.56184284 0.56687442 2.91792142 1.66739784 7.35370799 6.40413714 7.42583217
19.91741121 -1.71837402 8.44868840 -14.73252486 -10.67344327 -5.30694316 -6.97402674 -1.22327969 2.85317054 6.25605765 203.67078426 32.68410433 1658.31811523 -61.70590814 3.08308303 26.65702440 -18.84656352 0.86656327 -14.53236909 7.80970854 -3.76817861 -0.64255728 -4.46499736 0.62224256 1.71370946 3.65471513 3.04346407 4.80459073 4.54676719 4.64314530
-22.77498174 -33.26953916 -12.15431889 -37.11361637 -14.56239799 -11.21240113 -8.93921203 -8.97752701 -2.88822410 1.82756841 59.46769666 -41.25548747 -61.70591169 1237.68774414 6.76192708 17.89466826 -14.51591954 7.06973400 -15.86605202 11.31471925 -0.35074939 5.00631087 0.74564122 3.94177927 5.54101002 5.64446297 6.16913704 5.86026544 4.50340270 4.01471002
-14.56800759 -25.69173331 6.76765978 -13.95794777 -0.09033609 -6.99832009 -3.32826617 -4.47730095 -0.67388392 -0.16480406 -26.40802407 -44.65248709 3.08308378 6.76192697 397.63735962 41.37629570 14.05212196 18.96387166 -0.38627327 6.13686405 -2.62221916 0.41424320 0.82351589 3.71290119 3.66529876 2.13415001 1.41204544 2.33961858 1.15610019 0.89512286
-1.64132901 -11.60879967 11.67928046 -1.59857158 6.51597574 -3.54764492 -0.50586215 -1.81457506 0.00401979 -0.58043301 -19.72556165 -55.39125660 26.65702440 17.89466826 41.37629446 275.80612183 9.60513647 11.08114873 3.34772147 1.03429274 -2.05974043 0.56356324 3.51468375 6.64744159 3.81303982 1.59710573 -0.18168442 1.44709205 0.03373765 -0.19772754
52.17085890 12.29422151 18.49236658 8.21607194 9.45273395 -0.18575345 2.69278156 1.74492014 1.30136575 -0.75343939 -60.45948591 -105.76725896 -18.84656546 -14.51592122 14.05212213 9.60513650 208.67761230 0.36849429 4.74023663 0.06091814 0.12093938 -2.47744162 -1.11072199 0.47724194 0.80644557 0.72779315 0.72093658 1.59062746 0.41570551 0.14786752
1.47621930 -5.83794694 3.63773974 5.44691685 5.96537686 2.38579345 1.27574674 0.40578416 -0.37803777 -0.50671961 -2.11894128 -39.82611709 0.86656327 7.06973628 18.96387166 11.08114850 0.36849436 61.30512619 3.00388397 -0.56772505 1.17272118 0.13757804 1.09888153 1.73326110 1.81565937 2.12026846 2.73780387 2.58720093 1.31176516 0.92241319
4.74462610 1.54943450 4.74298966 7.05521011 3.61095068 2.31890997 2.19884089 1.59509578 -0.04908599 -0.75843719 -24.36068139 -35.56282560 -14.53237099 -15.86605202 -0.38627333 3.34772147 4.74023656 3.00388411 49.65639496 -0.20994065 2.55044075 1.19906546 2.20694586 1.52164962 1.96386524 2.15741917 3.62050823 2.82728309 1.80603227 1.34462816
-36.32200082 -16.59468161 -6.74600695 -0.02736193 -1.28654304 0.79486609 0.86698186 0.93882958 0.47477928 -0.15958696 -8.43815934 -7.61442535 7.80970776 11.31471925 6.13686367 1.03429306 0.06091801 -0.56772513 -0.20994065 33.45783234 3.29285213 2.34630405 2.99400419 2.07301651 1.96451124 1.87787142 2.80395086 2.21039856 1.50948535 1.19216488
-7.60721063 -4.40857339 -4.01931045 -1.84032345 -2.79558652 -0.72235221 -0.34417108 0.38205696 -0.04081670 -0.44737857 -34.37184541 -13.83985457 -3.76817889 -0.35074964 -2.62221888 -2.05974043 0.12093983 1.17272118 2.55044075 3.29285213 17.65902328 2.16128836 2.69705614 1.73708234 0.99741105 0.67229032 1.28490960 1.01430312 0.88246636 0.70073770
-6.43483294 -4.52545955 -4.28024208 -2.63290113 -2.27084508 -0.38114277 -0.38939834 0.10407920 -0.21279760 -0.36926843 -21.73692748 -7.97314757 -0.64255678 5.00631201 0.41424320 0.56356330 -2.47744162 0.13757800 1.19906546 2.34630411 2.16128836 5.94320393 2.00840056 1.62635319 0.89339328 0.45338020 0.47139589 0.47342886 0.42141898 0.33306654
0.69802478 -1.00539821 -0.35784472 -1.61435138 -1.52363507 -0.30451383 -0.07033784 0.40971208 -0.24742025 -0.43065679 -15.41022772 -6.58922390 -4.46499736 0.74564153 0.82351589 3.51468375 -1.11072186 1.09888160 2.20694586 2.99400440 2.69705598 2.00840055 7.22237206 2.76357269 1.60692833 1.16156039 1.24845001 1.23612060 0.86085573 0.63746460
-5.60142788 -2.72090578 1.09066686 -0.54644068 -0.85809900 0.18134017 0.76258481 1.08302813 0.18265561 -0.14694223 3.10892043 1.56184284 0.62224220 3.94177927 3.71290119 6.64744100 0.47724207 1.73326110 1.52164962 2.07301672 1.73708264 1.62635319 2.76357267 7.24033737 2.29684919 1.97725793 2.42791754 2.28293673 1.39204216 1.00506018
-8.02695741 -2.83445313 1.92875240 0.29392470 0.12927553 0.38144815 0.82029644 0.72007282 0.27234738 0.04471877 -0.35040470 0.56687442 1.71370946 5.54101002 3.66529876 3.81303982 0.80644563 1.81565937 1.96386504 1.96451107 0.99741099 0.89339328 1.60692833 2.29684917 4.74077845 2.13905595 2.90642743 2.58429771 1.57582697 1.15009709
-8.30962012 -1.66386005 2.58182529 1.56994584 0.85524299 0.73569403 1.00205920 0.71918689 0.37486453 0.18853469 3.62916857 2.91792184 3.65471513 5.64446297 2.13415001 1.59710552 0.72779315 2.12026846 2.15741935 1.87787128 0.67229032 0.45338014 1.16156039 1.97725795 2.13905594 3.58712029 3.23166561 2.70497033 1.69965206 1.25151403
-4.21767122 0.63079001 4.48958639 2.53713633 1.40363890 0.97514164 1.37994536 0.78415681 0.39603258 0.19155020 0.09847159 1.66739784 3.04346375 6.16913649 1.41204528 -0.18168449 0.72093658 2.73780387 3.62050823 2.80395068 1.28490960 0.47139589 1.24845001 2.42791772 2.90642724 3.23166552 5.73034000 3.74790876 2.44333714 1.92383688
0.40385320 1.04121471 3.43190510 1.65867810 1.01127272 0.83196535 1.20995392 0.66833296 0.22458955 0.17988564 10.85239984 7.35370710 4.80459073 5.86026497 2.33961831 1.44709205 1.59062756 2.58720072 2.82728272 2.21039841 1.01430312 0.47342883 1.23612060 2.28293673 2.58429748 2.70497027 3.74790881 4.08524656 2.14612156 1.72370591
2.33607613 0.93856386 2.01452789 0.52803940 0.63782439 0.62530205 0.86370996 0.29132163 -0.01155806 0.03453512 6.28182245 6.40413714 4.54676719 4.50340270 1.15610038 0.03373765 0.41570544 1.31176516 1.80603214 1.50948546 0.88246636 0.42141898 0.86085573 1.39204216 1.57582697 1.69965191 2.44333722 2.14612161 2.01524711 1.23691899
1.85396098 0.42808114 1.04724452 0.05056367 0.49513807 0.61768428 0.74258534 0.14898609 -0.09604286 0.01955861 7.33780110 7.42583189 4.64314549 4.01470997 0.89512303 -0.19772759 0.14786751 0.92241315 1.34462805 1.19216490 0.70073770 0.33306655 0.63746461 1.00506017 1.15009709 1.25151400 1.92383688 1.72370588 1.23691902 1.41085160
