2272.44409180 200.75325973 74.10009510 36.63894793 -8.28340383 -0.41103533 -8.00178288 9.66093649 2.23053223 5.09017179
200.75325973 936.12487793 12.11661388 10.90625411 -15.46839585 0.97737609 -5.13131932 5.12166274 -0.85223999 0.43603949
74.10009510 12.11661388 484.79190063 0.04940672 -9.29733172 1.65894630 -0.62006814 2.71591210 0.26026562 0.08846724
36.63894793 10.90625293 0.04940691 191.58740234 -14.03401011 -0.81692570 -1.05425683 2.15201177 0.11845765 -0.10726464
-8.28340383 -15.46839585 -9.29733206 -14.03401011 119.74829865 -3.34088161 -1.88038315 0.20870871 0.41056893 0.50866356
-0.41103533 0.97737609 1.65894617 -0.81692588 -3.34088154 48.23206711 -2.59829420 -0.58114752 -0.00908780 0.09317767
-8.00178288 -5.13131981 -0.62006823 -1.05425694 -1.88038315 -2.59829421 23.14734650 -0.37755196 0.22272419 0.33627824
9.66093649 5.12166274 2.71591243 2.15201198 0.20870865 -0.58114753 -0.37755196 20.32815361 0.66935737 0.56601353
2.23053223 -0.85224006 0.26026557 0.11845767 0.41056893 -0.00908778 0.22272418 0.66935737 6.14823437 0.57642977
5.09017179 0.43603945 0.08846723 -0.10726467 0.50866360 0.09317767 0.33627824 0.56601353 0.57642979 3.64144850
