1865.76147461 98.02663147 23.17173837 -34.17437158 -37.46326409 -38.12433483 -16.09862467 -8.67663061 0.45078364 -1.13847836
98.02663147 935.90814209 16.60273754 -14.77619854 -20.50719829 -14.84196329 -8.17538907 -0.34675697 0.76901953 1.31487048
23.17173837 16.60273833 430.37777710 0.29023392 -1.03230216 -3.77300543 -6.81475970 -1.29024402 0.48682369 2.44569477
-34.17437158 -14.77619993 0.29023434 261.79687500 -1.19406836 0.49514895 -4.95795561 0.53502695 0.92322954 2.93822995
-37.46326409 -20.50719605 -1.03230227 -1.19406830 122.72790527 -0.87645718 -2.06089944 0.43313496 0.57394215 0.94485635
-38.12433483 -14.84196329 -3.77300600 0.49514884 -0.87645717 68.40053558 -0.34526391 1.67567321 0.43546062 0.55617723
-16.09862467 -8.17538907 -6.81475970 -4.95795561 -2.06089966 -0.34526394 40.90976715 2.13964974 0.49806108 0.48688133
-8.67663061 -0.34675674 -1.29024417 0.53502689 0.43313500 1.67567318 2.13964978 20.98575974 0.44272079 0.66812581
0.45078364 0.76901946 0.48682365 0.92322954 0.57394206 0.43546055 0.49806109 0.44272079 6.97356510 0.32026148
-1.13847836 1.31487037 2.44569477 2.93823014 0.94485619 0.55617714 0.48688131 0.66812581 0.32026147 4.36812353
