2902.89819336 4.92367201 64.27327534 29.34901213 16.87899646 4.26040301 0.26462248 2.63768925 4.66110199 4.21921439 326.13189075 217.05565138 177.58365195 78.44768486 61.47110640 114.09959014 55.22343867 -5.34771697 -19.54407303 -31.18459180 -17.27174461 -18.38682298 -15.72980126 -24.50693005 -35.97927074 -27.22360647 -15.49915996 -5.85730216 -1.54461733 1.31978921
4.92367201 850.58294678 36.31387088 15.72946864 4.86050667 -1.36115326 1.93896430 3.45698403 2.10082687 0.12907136 84.30246135 86.54497884 75.50269878 36.33263545 17.03034869 34.81556499 22.73050263 5.32349300 -3.23452102 -12.05516474 -8.40096152 -7.03200818 -5.00277067 -6.88305600 -9.30846340 -3.90928526 0.72259859 3.84597171 3.22230756 2.99523473
64.27327534 36.31387045 545.26800537 12.74835066 -5.19315559 -13.26166939 -5.28634261 1.14976959 1.97703628 0.23954635 30.87152459 13.70819824 31.78953727 27.00451896 15.52012434 19.55817599 8.54457043 6.19144426 2.00656600 -0.56115487 0.64988567 0.18901951 -0.98652678 -2.45071457 -3.41361937 -0.58177258 1.23204550 3.02665354 2.06927811 1.66189903
29.34901213 15.72946903 12.74835032 209.60610962 -13.69815061 -13.47993502 -4.41521376 0.82389665 1.16204350 0.69930796 13.11641687 16.36519517 12.16162346 6.55783067 0.68272549 -6.34445803 0.21999178 2.29290392 1.58687430 0.07987228 0.60681425 0.32386214 -0.02727140 -0.44296040 0.21059624 1.01680182 1.19715551 1.74754091 0.89123271 0.63290561
16.87899646 4.86050667 -5.19315604 -13.69815062 99.45525360 -5.59745611 -2.33223487 0.35350705 -0.03165570 0.65727250 13.31733345 24.92721285 17.92496134 16.44981664 3.99894901 -3.34426825 -1.78664955 -0.76855424 1.74450441 1.52044181 1.89250285 0.80315800 0.53647858 -0.12431198 0.02679184 -0.42079404 -0.55320784 -0.50127982 -0.18455071 -0.01578269
4.26040301 -1.36115391 -13.26166939 -13.47993483 -5.59745633 80.68313599 -2.50803796 -0.56855256 -0.98023539 0.50179507 23.38738138 48.04838491 12.03672485 9.46417341 -2.40627676 -2.62175816 2.25252412 2.09332192 2.95997718 0.10985431 -0.29679249 -0.10675257 0.39113151 0.86979899 1.74343256 1.94844659 1.49702817 0.71127575 0.57481858 0.45585698
0.26462248 1.93896459 -5.28634170 -4.41521348 -2.33223490 -2.50803788 34.70430374 -1.30724079 -1.66497411 -0.93542156 -5.50679567 17.04360007 9.32904955 9.43460195 1.71679669 3.24139049 4.13280070 2.95725825 2.72805217 0.82687413 0.33457883 0.42497586 0.16036470 0.35319989 0.14239482 0.39690686 0.19053573 -0.26867096 0.07936958 0.13606191
2.63768925 3.45698403 1.14976959 0.82389665 0.35350705 -0.56855262 -1.30724076 14.79211330 -0.91650469 -0.47826390 3.25640735 7.27271066 -0.51314205 -0.83081268 -0.26817310 5.07294935 3.18771787 1.15945129 0.13082450 -0.23349835 0.18850611 0.23142161 0.04385136 0.05591910 -0.08123562 0.10562920 0.02279983 -0.06652936 -0.01863830 -0.00914182
4.66110199 2.10082687 1.97703610 1.16204350 -0.03165566 -0.98023546 -1.66497415 -0.91650470 5.70932198 -0.28210720 3.29654293 1.63481504 -1.32850999 -1.74891977 0.60850635 3.55479274 1.24718476 -0.02194932 -0.30515620 -0.11611445 0.22535509 0.04460234 -0.13329336 -0.28505687 -0.40426097 -0.23822159 -0.12547995 -0.11756176 -0.10565210 -0.10024284
4.21921439 0.12907136 0.23954625 0.69930796 0.65727250 0.50179503 -0.93542146 -0.47826387 -0.28210717 6.69634914 18.49563311 14.06739274 0.35230487 0.09931056 1.30488408 5.85946178 3.27262161 0.85355817 0.78335652 -0.57891239 -0.02020384 -0.08807297 0.37765124 0.36792412 0.94520102 1.06262656 1.10869967 0.85653809 0.49061480 0.24288825
326.13189075 84.30246135 30.87152459 13.11641687 13.31733345 23.38738138 -5.50679490 3.25640735 3.29654258 18.49563311 6257.53564453 662.86065327 24.47664743 129.94601806 101.52582981 345.07402046 188.58158185 55.96044961 39.70596359 -29.19462961 11.88418173 6.93133262 17.56678414 7.57375460 20.85363240 35.10251923 43.51656319 35.67832643 25.69496134 15.77501455
217.05565138 86.54497884 13.70819691 16.36519681 24.92721285 48.04838491 17.04360275 7.27271066 1.63481531 14.06739291 662.86064990 4707.07666016 97.84012062 226.89529967 133.17818984 307.50084902 172.06661435 64.78093822 43.04695282 -30.22329834 2.48085372 0.51782304 17.40826997 8.37650131 19.42058482 25.25758260 27.77220045 20.56737660 15.18307995 9.42551207
177.58365195 75.50270735 31.78953727 12.16162346 17.92496134 12.03672353 9.32904955 -0.51314205 -1.32850990 0.35230525 24.47663763 97.84012817 1965.97155762 85.77626343 14.56042513 44.70258721 22.70470286 7.99445343 4.68345802 -17.25121017 -0.89541543 -1.01009675 6.34890176 -0.04623326 -0.29931059 2.18834698 3.30824741 3.23142531 3.54161058 3.20436303
78.44768486 36.33263911 27.00451896 6.55782930 16.44981539 9.46417228 9.43460195 -0.83081256 -1.74891947 0.09930991 129.94601806 226.89529967 85.77626343 1436.63964844 -34.33693248 -66.79580696 -17.45637218 13.27856218 11.46807057 3.92732141 2.77239047 7.23396529 8.31893944 5.89083411 6.99900167 4.82183982 2.08969632 0.39628959 0.36124543 0.54012890
61.47110640 17.03034869 15.52012276 0.68272573 3.99894867 -2.40627676 1.71679669 -0.26817304 0.60850639 1.30488417 101.52584049 133.17818984 14.56042007 -34.33693248 416.14907837 -62.01727279 -9.90261454 8.39886588 10.00995766 2.15770833 3.14143679 2.44634993 4.01748525 1.28646849 0.79212250 -0.52271614 -0.14249292 0.18292136 1.00368544 1.03529636
114.09959014 34.81556990 19.55817795 -6.34445803 -3.34426825 -2.62175778 3.24139049 5.07294935 3.55479274 5.85946221 345.07402046 307.50084902 44.70258721 -66.79581234 -62.01726765 644.39178467 13.82734305 3.85168526 4.99397273 -2.13931332 8.62041570 5.82059489 6.02628344 1.35060500 1.27283888 2.78877475 4.87442813 4.71280324 4.94224357 3.63357356
55.22343867 22.73050263 8.54456987 0.21999160 -1.78664967 2.25252368 4.13280099 3.18771787 1.24718476 3.27262161 188.58158185 172.06661435 22.70470501 -17.45637034 -9.90261259 13.82734305 214.38507080 -3.80211349 0.52110070 -6.90337187 0.37559777 -1.42239614 1.12167546 -1.46445806 -0.71687888 1.24862683 2.76468088 2.34362983 2.11875754 1.43176207
-5.34771697 5.32349347 6.19144426 2.29290369 -0.76855424 2.09332192 2.95725825 1.15945166 -0.02194932 0.85355809 55.96044961 64.78093379 7.99445200 13.27856218 8.39886653 3.85168480 -3.80211353 94.96513367 -6.06363315 -3.44813605 0.58764385 0.65109720 0.73300918 0.80740398 2.55970781 3.97768405 3.61400355 2.40492538 1.39967907 0.78103236
-19.54407303 -3.23452139 2.00656629 1.58687467 1.74450453 2.95997718 2.72805187 0.13082463 -0.30515626 0.78335652 39.70595961 43.04694593 4.68345802 11.46806962 10.00995766 4.99397401 0.52110070 -6.06363278 57.45022964 0.87571134 2.89834331 2.90264583 1.82838861 1.09974748 2.57021558 2.94072978 2.47930452 1.16473442 0.67462405 0.27055757
-31.18459180 -12.05516474 -0.56115476 0.07987224 1.52044181 0.10985431 0.82687413 -0.23349839 -0.11611447 -0.57891239 -29.19462660 -30.22329834 -17.25121017 3.92732105 2.15770833 -2.13931332 -6.90337187 -3.44813595 0.87571134 32.92467499 3.86449876 3.30456001 1.82416785 1.42169503 1.94718436 1.14796683 0.03754281 -0.89817192 -0.46702455 -0.34914559
-17.27174461 -8.40096240 0.64988558 0.60681425 1.89250300 -0.29679249 0.33457883 0.18850616 0.22535507 -0.02020384 11.88418173 2.48085268 -0.89541451 2.77238989 3.14143710 8.62041570 0.37559744 0.58764385 2.89834328 3.86449877 20.95325851 4.53682902 2.06036843 1.14285683 1.00353574 0.50149349 -0.12654087 -0.66148428 0.01082329 0.05009450
-18.38682298 -7.03200818 0.18901951 0.32386214 0.80315794 -0.10675257 0.42497586 0.23142156 0.04460232 -0.08807294 6.93133118 0.51782346 -1.01009742 7.23396529 2.44634993 5.82059428 -1.42239578 0.65109720 2.90264583 3.30455992 4.53682902 13.43874550 1.51759958 1.49274425 1.95426185 1.38140117 0.68852800 0.01328696 0.40626446 0.29579815
-15.72980126 -5.00277015 -0.98652688 -0.02727134 0.53647858 0.39113151 0.16036470 0.04385135 -0.13329336 0.37765124 17.56678414 17.40826749 6.34890256 8.31893876 4.01748525 6.02628436 1.12167546 0.73300918 1.82838875 1.82416785 2.06036843 1.51759961 7.46633244 1.59883093 2.38122108 2.13202784 1.62417204 0.97146287 0.84760765 0.52716733
-24.50693005 -6.88305694 -2.45071457 -0.44296049 -0.12431202 0.86979899 0.35319989 0.05591908 -0.28505687 0.36792408 7.57375523 8.37650186 -0.04623344 5.89083411 1.28646833 1.35060520 -1.46445783 0.80740398 1.09974748 1.42169503 1.14285683 1.49274421 1.59883093 5.81375647 3.74691047 3.33064750 2.85453618 1.85761283 1.29062948 0.77411323
-35.97927074 -9.30846340 -3.41361937 0.21059628 0.02679179 1.74343256 0.14239482 -0.08123561 -0.40426103 0.94520102 20.85363581 19.42058778 -0.29931065 6.99900167 0.79212294 1.27283874 -0.71687904 2.55970781 2.57021558 1.94718448 1.00353574 1.95426170 2.38122099 3.74691051 10.55823421 5.46510255 4.87860660 3.63753412 2.30012273 1.35479350
-27.22360647 -3.90928585 -0.58177235 1.01680182 -0.42079414 1.94844659 0.39690680 0.10562922 -0.23822159 1.06262656 35.10252242 25.25758260 2.18834698 4.82183982 -0.52271614 2.78877475 1.24862713 3.97768366 2.94072978 1.14796683 0.50149335 1.38140117 2.13202806 3.33064738 5.46510257 9.28894138 6.27194881 4.85680441 3.23237350 1.97038941
-15.49915996 0.72259820 1.23204571 1.19715564 -0.55320775 1.49702817 0.19053589 0.02279984 -0.12547993 1.10869967 43.51656886 27.77220045 3.30824661 2.08969632 -0.14249282 4.87442767 2.76468062 3.61400390 2.47930425 0.03754281 -0.12654089 0.68852806 1.62417184 2.85453600 4.87860662 6.27194889 7.33953857 4.89394061 3.24974097 2.09756865
-5.85730216 3.84597171 3.02665316 1.74754056 -0.50127982 0.71127568 -0.26867101 -0.06652936 -0.11756173 0.85653817 35.67832643 20.56737221 3.23142460 0.39628913 0.18292152 4.71280324 2.34362983 2.40492538 1.16473430 -0.89817192 -0.66148435 0.01328688 0.97146278 1.85761299 3.63753412 4.85680419 4.89394048 5.84216881 2.98162476 1.95904163
-1.54461733 3.22230756 2.06927811 0.89123254 -0.18455071 0.57481863 0.07936958 -0.01863827 -0.10565210 0.49061483 25.69496499 15.18307678 3.54161084 0.36124532 1.00368556 4.94224357 2.11875771 1.39967895 0.67462400 -0.46702455 0.01082331 0.40626442 0.84760771 1.29062937 2.30012273 3.23237350 3.24974086 2.98162468 3.02473021 1.43442501
1.31978921 2.99523469 1.66189888 0.63290565 -0.01578269 0.45585701 0.13606191 -0.00914182 -0.10024283 0.24288826 15.77501485 9.42551187 3.20436287 0.54012888 1.03529638 3.63357361 1.43176205 0.78103240 0.27055759 -0.34914560 0.05009448 0.29579814 0.52716733 0.77411321 1.35479351 1.97038952 2.09756865 1.95904163 1.43442501 1.46827888
