6257.53564453 1031.99508271 32.38340387 217.01645688 120.57567731 468.89803502 250.25640614 75.43319816 49.79989172 -38.09150644 25.58242300 17.91381692 32.07177094 17.70856575 34.25904184 46.74814946 53.73202878 45.79864505 35.02855119 22.79617014
1031.99508271 4707.07666016 97.84012062 226.89529967 133.17818984 307.50084902 172.06661435 64.78093822 43.04695282 -30.22329834 2.48085372 0.51782304 17.40826997 8.37650131 19.42058482 25.25758260 27.77220045 20.56737660 15.18307995 9.42551207
32.38340387 97.84012817 1965.97155762 85.77626343 14.56042513 44.70258721 22.70470286 7.99445343 4.68345802 -17.25121017 -0.89541543 -1.01009675 6.34890176 -0.04623326 -0.29931059 2.18834698 3.30824741 3.23142531 3.54161058 3.20436303
217.01645688 226.89529967 85.77626343 1436.63964844 -34.33693248 -66.79580696 -17.45637218 13.27856218 11.46807057 3.92732141 2.77239047 7.23396529 8.31893944 5.89083411 6.99900167 4.82183982 2.08969632 0.39628959 0.36124543 0.54012890
120.57567731 133.17818984 14.56042007 -34.33693248 416.14907837 -62.01727279 -9.90261454 8.39886588 10.00995766 2.15770833 3.14143679 2.44634993 4.01748525 1.28646849 0.79212250 -0.52271614 -0.14249292 0.18292136 1.00368544 1.03529636
468.89803502 307.50084902 44.70258721 -66.79581234 -62.01726765 644.39178467 13.82734305 3.85168526 4.99397273 -2.13931332 8.62041570 5.82059489 6.02628344 1.35060500 1.27283888 2.78877475 4.87442813 4.71280324 4.94224357 3.63357356
250.25640614 172.06661435 22.70470501 -17.45637034 -9.90261259 13.82734305 214.38507080 -3.80211349 0.52110070 -6.90337187 0.37559777 -1.42239614 1.12167546 -1.46445806 -0.71687888 1.24862683 2.76468088 2.34362983 2.11875754 1.43176207
75.43319816 64.78093379 7.99445200 13.27856218 8.39886653 3.85168480 -3.80211353 94.96513367 -6.06363315 -3.44813605 0.58764385 0.65109720 0.73300918 0.80740398 2.55970781 3.97768405 3.61400355 2.40492538 1.39967907 0.78103236
49.79989172 43.04694593 4.68345802 11.46806962 10.00995766 4.99397401 0.52110070 -6.06363278 57.45022964 0.87571134 2.89834331 2.90264583 1.82838861 1.09974748 2.57021558 2.94072978 2.47930452 1.16473442 0.67462405 0.27055757
-38.09150644 -30.22329834 -17.25121017 3.92732105 2.15770833 -2.13931332 -6.90337187 -3.44813595 0.87571134 32.92467499 3.86449876 3.30456001 1.82416785 1.42169503 1.94718436 1.14796683 0.03754281 -0.89817192 -0.46702455 -0.34914559
25.58242300 2.48085268 -0.89541451 2.77238989 3.14143710 8.62041570 0.37559744 0.58764385 2.89834328 3.86449877 20.95325851 4.53682902 2.06036843 1.14285683 1.00353574 0.50149349 -0.12654087 -0.66148428 0.01082329 0.05009450
17.91381692 0.51782346 -1.01009742 7.23396529 2.44634993 5.82059428 -1.42239578 0.65109720 2.90264583 3.30455992 4.53682902 13.43874550 1.51759958 1.49274425 1.95426185 1.38140117 0.68852800 0.01328696 0.40626446 0.29579815
32.07177094 17.40826749 6.34890256 8.31893876 4.01748525 6.02628436 1.12167546 0.73300918 1.82838875 1.82416785 2.06036843 1.51759961 7.46633244 1.59883093 2.38122108 2.13202784 1.62417204 0.97146287 0.84760765 0.52716733
17.70856575 8.37650186 -0.04623344 5.89083411 1.28646833 1.35060520 -1.46445783 0.80740398 1.09974748 1.42169503 1.14285683 1.49274421 1.59883093 5.81375647 3.74691047 3.33064750 2.85453618 1.85761283 1.29062948 0.77411323
34.25904184 19.42058778 -0.29931065 6.99900167 0.79212294 1.27283874 -0.71687904 2.55970781 2.57021558 1.94718448 1.00353574 1.95426170 2.38122099 3.74691051 10.55823421 5.46510255 4.87860660 3.63753412 2.30012273 1.35479350
46.74814946 25.25758260 2.18834698 4.82183982 -0.52271614 2.78877475 1.24862713 3.97768366 2.94072978 1.14796683 0.50149335 1.38140117 2.13202806 3.33064738 5.46510257 9.28894138 6.27194881 4.85680441 3.23237350 1.97038941
53.73202878 27.77220045 3.30824661 2.08969632 -0.14249282 4.87442767 2.76468062 3.61400390 2.47930425 0.03754281 -0.12654089 0.68852806 1.62417184 2.85453600 4.87860662 6.27194889 7.33953857 4.89394061 3.24974097 2.09756865
45.79864505 20.56737221 3.23142460 0.39628913 0.18292152 4.71280324 2.34362983 2.40492538 1.16473430 -0.89817192 -0.66148435 0.01328688 0.97146278 1.85761299 3.63753412 4.85680419 4.89394048 5.84216881 2.98162476 1.95904163
35.02855119 15.18307678 3.54161084 0.36124532 1.00368556 4.94224357 2.11875771 1.39967895 0.67462400 -0.46702455 0.01082331 0.40626442 0.84760771 1.29062937 2.30012273 3.23237350 3.24974086 2.98162468 3.02473021 1.43442501
22.79617014 9.42551187 3.20436287 0.54012888 1.03529638 3.63357361 1.43176205 0.78103240 0.27055759 -0.34914560 0.05009448 0.29579814 0.52716733 0.77411321 1.35479351 1.97038952 2.09756865 1.95904163 1.43442501 1.46827888
