10586.00585938 896.22667199 365.98476341 440.07445308 76.13555764 113.83487946 -34.62812921 33.20548661 -7.58263211 -2.66042451 -54.36190247 -37.53594729 -32.44079411 -40.43750951 -53.33415899 -63.66685973 -52.74436098 -22.00272149 -10.50366614 -4.86137586
896.22667199 3306.89477539 290.68112108 270.92470028 78.87626594 40.02469588 6.23417349 36.34612416 20.88414115 5.20085037 -28.53844270 -19.17189908 -13.37400989 -14.89733172 -24.87675422 -33.62228964 -32.60470437 -18.41020743 -10.19068039 -4.95758232
365.98476341 290.68112108 1587.65563965 192.82247193 73.82883506 -17.91839643 28.00345385 32.19441201 50.90412752 15.51313377 -11.55667314 -18.29934391 -12.90267584 -18.34874749 -21.66208184 -27.01477242 -26.63285850 -19.06709908 -12.29629497 -6.95353176
440.07445308 270.92470784 192.82247717 1245.32385254 33.91427146 -41.64618777 10.47910144 14.08619920 19.55578211 -3.34729828 -24.44096672 -23.12003238 -21.81968024 -20.40775688 -19.35250124 -19.90781847 -18.12529063 -10.98705564 -6.27478049 -3.06673925
76.13555764 78.87626594 73.82883783 33.91427235 736.22167969 -38.86809153 16.96768098 12.41437470 26.14381740 10.23260652 -0.26923605 -6.15750003 -5.32385706 -6.04722736 -8.37760149 -9.15823078 -8.73195489 -5.39437291 -3.35025204 -1.52006265
113.83487946 40.02469588 -17.91839940 -41.64618560 -38.86808774 506.14562988 36.34769205 24.92944859 30.36554925 30.71105539 21.30791495 17.47408632 16.44285673 15.20520565 1.92336619 -3.89188072 -7.34825987 -3.74485235 -2.68738357 -0.53450090
-34.62812921 6.23417527 28.00344643 10.47910144 16.96768145 36.34769100 351.72750854 25.78596086 35.04599697 31.60971351 27.21047530 23.22095203 23.95130295 22.45276836 9.52601377 5.15603673 1.15372558 0.84747324 0.21629098 0.88928569
33.20548661 36.34612416 32.19440780 14.08619827 12.41437470 24.92944932 25.78596100 63.55101776 14.84888764 14.36436428 12.69304655 10.82066276 10.83291528 9.83226173 3.68977404 1.24567852 -0.47292595 -0.27811060 -0.54604975 -0.13533894
-7.58263211 20.88414115 50.90412752 19.55578396 26.14381740 30.36554925 35.04599642 14.84888733 62.49062729 12.78541509 14.06455953 12.73563743 12.78848201 11.17447878 3.84493270 1.17830374 -1.01901540 -1.12423984 -1.29190904 -0.69117523
-2.66042451 5.20084799 15.51313377 -3.34729901 10.23260652 30.71105353 31.60970731 14.36436460 12.78541503 39.00772095 16.56409822 13.83561774 12.81402293 9.50028566 2.49318089 0.01894074 -1.51124739 -1.26979187 -1.65537457 -1.06357474
-54.36190247 -28.53844028 -11.55667231 -24.44096672 -0.26923577 21.30791495 27.21047530 12.69304655 14.06455990 16.56409822 40.12616348 17.76006651 16.03725898 12.76304639 4.77072463 2.25182885 0.59480803 0.04230818 -0.59549969 -0.43923583
-37.53594729 -19.17189908 -18.29934250 -23.12002988 -6.15750003 17.47408632 23.22095203 10.82066276 12.73563743 13.83561799 17.76006600 28.54007912 15.65729553 13.07911639 6.11625138 3.55040972 1.91003605 1.38600152 0.71308519 0.46925081
-32.44079411 -13.37400800 -12.90267714 -21.81968024 -5.32385796 16.44285673 23.95130295 10.83291528 12.78847993 12.81402293 16.03725944 15.65729553 24.58291626 14.37303438 7.35875404 4.90031409 2.39881004 1.28881193 0.88933782 0.61572207
-40.43750951 -14.89733172 -18.34874881 -20.40775455 -6.04722736 15.20520714 22.45277084 9.83226278 11.17447878 9.50028483 12.76304639 13.07911723 14.37303438 24.88426399 8.08544833 5.88339685 3.61478948 1.92741492 1.45093326 0.95535159
-53.33415899 -24.87675155 -21.66208184 -19.35250124 -8.37760149 1.92336619 9.52601290 3.68977404 3.84493307 2.49318089 4.77072404 6.11625089 7.35875432 8.08544845 12.28593922 5.72589528 4.44988307 2.70589612 1.89990363 1.06125864
-63.66685973 -33.62228964 -27.01477242 -19.90781847 -9.15823078 -3.89188072 5.15603713 1.24567852 1.17830390 0.01894080 2.25182885 3.55040972 4.90031452 5.88339682 5.72589511 10.38644409 5.64332711 3.69539481 2.77906863 1.52959204
-52.74436098 -32.60470437 -26.63285850 -18.12529339 -8.73195542 -7.34826031 1.15372567 -0.47292603 -1.01901540 -1.51124739 0.59480803 1.91003605 2.39881023 3.61478948 4.44988310 5.64332702 8.72016144 4.44488921 3.19374341 1.83329425
-22.00272149 -18.41020743 -19.06710032 -10.98705674 -5.39437207 -3.74485235 0.84747331 -0.27811057 -1.12423984 -1.26979206 0.04230828 1.38600152 1.28881193 1.92741492 2.70589634 3.69539486 4.44488928 5.51778936 2.62323652 1.52271328
-10.50366614 -10.19068039 -12.29629588 -6.27478090 -3.35025204 -2.68738357 0.21629098 -0.54604975 -1.29190904 -1.65537457 -0.59549976 0.71308519 0.88933771 1.45093349 1.89990363 2.77906863 3.19374360 2.62323652 2.97905993 1.09376836
-4.86137586 -4.95758262 -6.95353218 -3.06673943 -1.52006268 -0.53450087 0.88928569 -0.13533894 -0.69117521 -1.06357478 -0.43923586 0.46925079 0.61572206 0.95535154 1.06125861 1.52959204 1.83329410 1.52271325 1.09376836 1.11355233
