1865.76147461 98.02663147 23.17173837 -34.17437158 -37.46326409 -38.12433483 -16.09862467 -8.67663061 0.45078364 -0.87818250 -74.18616527 -117.89211680 -130.83333932 -57.95962331 -27.85518577 0.08992138 -26.56631615 -21.15996433 -21.92592406 -2.96931936 4.40412573 10.52756251 -0.85113453 -3.38035195 -6.29314249 0.34219089 8.10255774 13.12231885 6.95917983 3.98130378
98.02663147 935.90814209 16.60273754 -14.77619854 -20.50719829 -14.84196329 -8.17538907 -0.34675697 0.76901953 1.20377262 47.69981845 43.30744869 16.49925967 27.99257817 -1.29564568 3.27271069 -7.33306859 -1.94794872 -1.71057420 3.93501709 6.78311144 10.32042067 5.92362573 3.71959374 -1.67569630 -0.50024752 1.08267545 3.57558643 1.77808699 1.14119693
23.17173837 16.60273833 430.37777710 0.29023392 -1.03230216 -3.77300543 -6.81475970 -1.29024402 0.48682369 2.10219069 33.04410920 5.88256875 -13.95093284 -9.87928600 -27.01149410 -1.17208894 -9.10928551 -1.35135130 -5.03105592 2.14646258 8.32201686 8.23037570 3.78054116 -1.59557457 -5.21709587 -6.17213759 -6.29000140 -3.68408528 -2.11211046 -0.82922036
-34.17437158 -14.77619993 0.29023434 261.79687500 -1.19406836 0.49514895 -4.95795561 0.53502695 0.92322954 2.22746821 63.11777293 28.93397264 13.50537408 -3.76551193 -19.94775712 -4.83121100 0.20351834 5.75308948 5.57254749 5.91269917 8.99353701 7.63727522 8.99291133 5.92286265 0.06950556 -4.96971065 -8.30347974 -6.72489960 -4.21593716 -2.21454217
-37.46326409 -20.50719605 -1.03230227 -1.19406830 122.72790527 -0.87645718 -2.06089944 0.43313496 0.57394215 0.23080573 -35.12862627 -43.17096939 -36.21833178 -34.71954154 -17.00591620 3.49349925 6.38920335 4.39294511 4.38245047 4.63571248 7.73488732 5.80283189 6.95333537 4.14309053 0.36038010 -2.84078049 -4.46553393 -3.50736483 -2.15666034 -1.09714976
-38.12433483 -14.84196329 -3.77300600 0.49514884 -0.87645717 68.40053558 -0.34526391 1.67567321 0.43546062 -0.26171904 -33.76262044 -13.09907408 7.39755255 -2.20477489 2.21541039 0.17616855 9.74705741 5.98121815 8.40858804 3.67876468 4.54506721 3.44803026 6.13377637 4.60826184 1.24517191 -1.13312460 -2.16799741 -1.57081093 -0.94391701 -0.52377197
-16.09862467 -8.17538907 -6.81475970 -4.95795561 -2.06089966 -0.34526394 40.90976715 2.13964974 0.49806108 -0.23465147 -33.52312793 -12.68420185 5.26204480 0.72652438 6.98322268 4.21040276 11.42449431 5.74232359 7.97660963 3.96311073 3.71877514 2.70596438 3.81929510 2.64402075 0.69274537 -0.03211128 -0.19384260 -0.05581097 -0.17951477 -0.13938772
-8.67663061 -0.34675674 -1.29024417 0.53502689 0.43313500 1.67567318 2.13964978 20.98575974 0.44272079 0.09533144 -9.28826614 1.19966307 11.54262659 6.14659668 3.04636117 -0.74711026 5.35621766 4.11234232 5.98487761 2.85381954 2.05032354 1.29156022 2.17695172 1.32672692 -0.02704447 -0.70187968 -0.89796085 -0.66748833 -0.63485734 -0.43055620
0.45078364 0.76901946 0.48682365 0.92322954 0.57394206 0.43546055 0.49806109 0.44272079 6.97356510 0.08275752 -9.46840925 -4.68395548 -3.70045348 -0.70664929 0.16011253 1.91026785 2.89859332 1.80205768 2.31245482 1.76008591 1.73555284 1.61146746 1.59445102 1.09542288 0.24004168 -0.02950228 -0.19036149 -0.18666068 -0.24599816 -0.14479251
-0.87818250 1.20377262 2.10219069 2.22746821 0.23080565 -0.26171910 -0.23465150 0.09533144 0.08275752 4.36812353 -11.00506584 -4.30059605 -4.84438271 -0.15328253 -3.11396109 -0.67026522 -2.17681722 -0.11324056 -0.73810067 -0.23810822 -0.09345464 0.25306726 0.04216796 -0.32050171 -0.42898737 -0.39559928 -0.23572193 -0.05481304 -0.00843792 -0.00181608
-74.18616527 47.69981324 33.04410920 63.11776742 -35.12862249 -33.76262044 -33.52312793 -9.28826614 -9.46840900 -11.00506577 10586.00585938 187.75837595 -32.96732603 231.53210808 34.45201140 123.68503399 3.64047236 25.66961332 -8.46552620 6.63676814 -8.66899304 10.80521883 4.65854418 -8.94792004 -29.40209678 -36.10099748 -30.51529764 -10.82401192 -3.85299303 -0.32221484
-117.89211680 43.30744869 5.88256677 28.93397264 -43.17096517 -13.09907566 -12.68420185 1.19966362 -4.68395599 -4.30059627 187.75836126 3306.89477539 290.68112108 270.92470028 78.87626594 40.02469588 6.23417349 36.34612416 20.88414115 5.20085037 -28.53844270 -19.17189908 -13.37400989 -14.89733172 -24.87675422 -33.62228964 -32.60470437 -18.41020743 -10.19068039 -4.95758232
-130.83333932 16.49925867 -13.95093284 13.50537408 -36.21832886 7.39755255 5.26204437 11.54262779 -3.70045348 -4.84438271 -32.96733748 290.68112108 1587.65563965 192.82247193 73.82883506 -17.91839643 28.00345385 32.19441201 50.90412752 15.51313377 -11.55667314 -18.29934391 -12.90267584 -18.34874749 -21.66208184 -27.01477242 -26.63285850 -19.06709908 -12.29629497 -6.95353176
-57.95962331 27.99257996 -9.87928600 -3.76551122 -34.71954413 -2.20477392 0.72652401 6.14659668 -0.70664929 -0.15328228 231.53210808 270.92470784 192.82247717 1245.32385254 33.91427146 -41.64618777 10.47910144 14.08619920 19.55578211 -3.34729828 -24.44096672 -23.12003238 -21.81968024 -20.40775688 -19.35250124 -19.90781847 -18.12529063 -10.98705564 -6.27478049 -3.06673925
-27.85518577 -1.29564602 -27.01149410 -19.94775712 -17.00591421 2.21541039 6.98322268 3.04636117 0.16011277 -3.11396109 34.45202065 78.87626594 73.82883783 33.91427235 736.22167969 -38.86809153 16.96768098 12.41437470 26.14381740 10.23260652 -0.26923605 -6.15750003 -5.32385706 -6.04722736 -8.37760149 -9.15823078 -8.73195489 -5.39437291 -3.35025204 -1.52006265
0.08992138 3.27271126 -1.17208894 -4.83121100 3.49349925 0.17616870 4.21040276 -0.74711060 1.91026785 -0.67026522 123.68504932 40.02469588 -17.91839940 -41.64618560 -38.86808774 506.14562988 36.34769205 24.92944859 30.36554925 30.71105539 21.30791495 17.47408632 16.44285673 15.20520565 1.92336619 -3.89188072 -7.34825987 -3.74485235 -2.68738357 -0.53450090
-26.56631615 -7.33306954 -9.10928423 0.20351872 6.38920335 9.74705639 11.42449351 5.35621823 2.89859365 -2.17681709 3.64047236 6.23417527 28.00344643 10.47910144 16.96768145 36.34769100 351.72750854 25.78596086 35.04599697 31.60971351 27.21047530 23.22095203 23.95130295 22.45276836 9.52601377 5.15603673 1.15372558 0.84747324 0.21629098 0.88928569
-21.15996433 -1.94794791 -1.35135102 5.75308948 4.39294482 5.98121815 5.74232359 4.11234232 1.80205782 -0.11324056 25.66961060 36.34612416 32.19440780 14.08619827 12.41437470 24.92944932 25.78596100 63.55101776 14.84888764 14.36436428 12.69304655 10.82066276 10.83291528 9.83226173 3.68977404 1.24567852 -0.47292595 -0.27811060 -0.54604975 -0.13533894
-21.92592406 -1.71057500 -5.03105592 5.57254707 4.38245018 8.40858890 7.97660896 5.98487713 2.31245482 -0.73810062 -8.46552890 20.88414115 50.90412752 19.55578396 26.14381740 30.36554925 35.04599642 14.84888733 62.49062729 12.78541509 14.06455953 12.73563743 12.78848201 11.17447878 3.84493270 1.17830374 -1.01901540 -1.12423984 -1.29190904 -0.69117523
-2.96931936 3.93501709 2.14646280 5.91269850 4.63571248 3.67876536 3.96311047 2.85381954 1.76008591 -0.23810822 6.63676920 5.20084799 15.51313377 -3.34729901 10.23260652 30.71105353 31.60970731 14.36436460 12.78541503 39.00772095 16.56409822 13.83561774 12.81402293 9.50028566 2.49318089 0.01894074 -1.51124739 -1.26979187 -1.65537457 -1.06357474
4.40412573 6.78311144 8.32201686 8.99353701 7.73488685 4.54506756 3.71877487 2.05032315 1.73555306 -0.09345461 -8.66899196 -28.53844028 -11.55667231 -24.44096672 -0.26923577 21.30791495 27.21047530 12.69304655 14.06455990 16.56409822 40.12616348 17.76006651 16.03725898 12.76304639 4.77072463 2.25182885 0.59480803 0.04230818 -0.59549969 -0.43923583
10.52756251 10.32042067 8.23037570 7.63727579 5.80283189 3.44803055 2.70596415 1.29156022 1.61146746 0.25306729 10.80521974 -19.17189908 -18.29934250 -23.12002988 -6.15750003 17.47408632 23.22095203 10.82066276 12.73563743 13.83561799 17.76006600 28.54007912 15.65729553 13.07911639 6.11625138 3.55040972 1.91003605 1.38600152 0.71308519 0.46925081
-0.85113453 5.92362573 3.78054116 8.99291239 6.95333537 6.13377691 3.81929510 2.17695157 1.59445085 0.04216807 4.65854249 -13.37400800 -12.90267714 -21.81968024 -5.32385796 16.44285673 23.95130295 10.83291528 12.78847993 12.81402293 16.03725944 15.65729553 24.58291626 14.37303438 7.35875404 4.90031409 2.39881004 1.28881193 0.88933782 0.61572207
-3.38035195 3.71959425 -1.59557457 5.92286212 4.14309053 4.60826184 2.64402075 1.32672692 1.09542297 -0.32050167 -8.94792004 -14.89733172 -18.34874881 -20.40775455 -6.04722736 15.20520714 22.45277084 9.83226278 11.17447878 9.50028483 12.76304639 13.07911723 14.37303438 24.88426399 8.08544833 5.88339685 3.61478948 1.92741492 1.45093326 0.95535159
-6.29314249 -1.67569612 -5.21709635 0.06950565 0.36038004 1.24517171 0.69274537 -0.02704444 0.24004171 -0.42898742 -29.40209678 -24.87675155 -21.66208184 -19.35250124 -8.37760149 1.92336619 9.52601290 3.68977404 3.84493307 2.49318089 4.77072404 6.11625089 7.35875432 8.08544845 12.28593922 5.72589528 4.44988307 2.70589612 1.89990363 1.06125864
0.34219089 -0.50024744 -6.17213803 -4.96971065 -2.84078073 -1.13312460 -0.03211127 -0.70187968 -0.02950228 -0.39559923 -36.10100187 -33.62228964 -27.01477242 -19.90781847 -9.15823078 -3.89188072 5.15603713 1.24567852 1.17830390 0.01894080 2.25182885 3.55040972 4.90031452 5.88339682 5.72589511 10.38644409 5.64332711 3.69539481 2.77906863 1.52959204
8.10255774 1.08267545 -6.29000140 -8.30347974 -4.46553436 -2.16799741 -0.19384266 -0.89796085 -0.19036149 -0.23572193 -30.51529764 -32.60470437 -26.63285850 -18.12529339 -8.73195542 -7.34826031 1.15372567 -0.47292603 -1.01901540 -1.51124739 0.59480803 1.91003605 2.39881023 3.61478948 4.44988310 5.64332702 8.72016144 4.44488921 3.19374341 1.83329425
13.12231885 3.57558643 -3.68408528 -6.72489960 -3.50736449 -1.57081105 -0.05581097 -0.66748833 -0.18666072 -0.05481304 -10.82401272 -18.41020743 -19.06710032 -10.98705674 -5.39437207 -3.74485235 0.84747331 -0.27811057 -1.12423984 -1.26979206 0.04230828 1.38600152 1.28881193 1.92741492 2.70589634 3.69539486 4.44488928 5.51778936 2.62323652 1.52271328
6.95917983 1.77808681 -2.11211046 -4.21593753 -2.15665983 -0.94391701 -0.17951477 -0.63485734 -0.24599816 -0.00843793 -3.85299332 -10.19068039 -12.29629588 -6.27478090 -3.35025204 -2.68738357 0.21629098 -0.54604975 -1.29190904 -1.65537457 -0.59549976 0.71308519 0.88933771 1.45093349 1.89990363 2.77906863 3.19374360 2.62323652 2.97905993 1.09376836
3.98130378 1.14119687 -0.82922036 -2.21454217 -1.09714989 -0.52377195 -0.13938772 -0.43055620 -0.14479252 -0.00181609 -0.32221502 -4.95758262 -6.95353218 -3.06673943 -1.52006268 -0.53450087 0.88928569 -0.13533894 -0.69117521 -1.06357478 -0.43923586 0.46925079 0.61572206 0.95535154 1.06125861 1.52959204 1.83329410 1.52271325 1.09376836 1.11355233
