2272.44409180 200.75325973 74.10009510 36.63894793 -8.28340383 -0.41103533 -8.00178288 9.66093649 2.23053223 7.98048602 354.62440522 296.99054975 76.90204202 3.62853777 27.82471494 -5.83474215 -28.91239427 -24.27051663 5.32040451 23.01660293 23.42252755 18.02148732 5.41514770 3.06948015 4.26654779 7.42884370 7.98915567 3.66578975 4.43593442 2.69694853
200.75325973 936.12487793 12.11661388 10.90625411 -15.46839585 0.97737609 -5.13131932 5.12166274 -0.85223999 3.47033927 226.66832346 203.11324170 69.05451762 -4.89174753 13.06049732 -12.92639344 -14.73150367 -20.11046488 -1.34621713 7.40282110 12.47583938 9.85515576 0.77583310 -0.17252552 -0.44268757 1.30043138 -1.15964672 -2.70555002 -0.83900691 -0.01062826
74.10009510 12.11661388 484.79190063 0.04940672 -9.29733172 1.65894630 -0.62006814 2.71591210 0.26026562 1.25916337 143.33967848 91.28848803 49.72081168 -0.82534118 12.59670318 -14.73649576 -4.56630565 -6.19433262 11.05858650 7.86827984 8.20851981 2.53831904 -5.15666873 -4.80883133 -3.98223119 -1.96567468 -3.63375046 -3.54180366 -2.09609422 -0.87871863
36.63894793 10.90625293 0.04940691 191.58740234 -14.03401011 -0.81692570 -1.05425683 2.15201177 0.11845765 0.58577963 73.89411406 43.36735839 39.18114124 15.25629100 14.85146894 -8.37246047 -0.24160444 -1.90951955 5.75170619 2.57299323 4.48775575 0.86187603 -3.98704763 -3.95305958 -3.24201770 -2.19208132 -3.53171170 -3.30627793 -2.61760139 -1.50744867
-8.28340383 -15.46839585 -9.29733206 -14.03401011 119.74829865 -3.34088161 -1.88038315 0.20870871 0.41056893 0.14082119 11.88732965 -11.19623983 15.68606101 15.77042555 11.52114007 -2.97518267 -0.15979997 3.83124787 7.91105199 4.24683169 3.39595043 0.00232121 -2.65589809 -2.09121653 -1.11181164 -0.40196141 -0.80625054 -0.67797744 -0.87297409 -0.65892839
-0.41103533 0.97737609 1.65894617 -0.81692588 -3.34088154 48.23206711 -2.59829420 -0.58114752 -0.00908780 -0.10146833 -3.80329527 -3.67923003 6.80482151 9.15339665 1.12162910 -0.19389463 -1.07026384 1.31827825 2.00485047 2.06465264 2.44275591 1.56311770 0.47277263 0.39011304 -0.03671901 -0.34388268 -1.17682135 -0.82681288 -0.72550356 -0.49835078
-8.00178288 -5.13131981 -0.62006823 -1.05425694 -1.88038315 -2.59829421 23.14734650 -0.37755196 0.22272419 -0.08238255 -15.98361686 -16.20741011 -0.43657400 8.02615881 1.71455453 3.09512468 0.58350237 3.39351143 2.66659102 2.43996154 1.63285544 1.06793668 0.56514701 0.57730529 0.13454893 -0.31324366 -0.94199161 -0.39884390 -0.17137090 -0.05362462
9.66093649 5.12166274 2.71591243 2.15201198 0.20870865 -0.58114753 -0.37755196 20.32815361 0.66935737 0.22998747 7.27776084 0.09833263 2.97924385 6.86385903 0.40407788 1.41262575 -1.11304036 1.33137554 1.87553676 2.61147947 1.83938638 1.17175742 0.46674412 0.33218782 -0.15190014 -0.62434088 -1.28297254 -0.74852365 -0.34992761 -0.13789566
2.23053223 -0.85224006 0.26026557 0.11845767 0.41056893 -0.00908778 0.22272418 0.66935737 6.14823437 0.38269380 14.02292398 4.21279257 4.75846413 4.81501206 1.31868760 0.35522630 -0.44570341 1.51172266 1.79577044 1.90290927 1.15845785 0.44639645 -0.03107102 -0.08091192 0.07191584 0.01808710 0.04806739 0.13518169 0.20107857 0.13477917
7.98048602 3.47033888 1.25916337 0.58577963 0.14082126 -0.10146833 -0.08238255 0.22998747 0.38269381 3.64144850 26.17770436 16.28636174 10.29745911 3.08518267 0.12577881 -1.26355251 -0.53496765 0.08566566 0.60375878 0.87796745 0.64511612 0.14575509 -0.28642222 -0.21273516 0.15549213 0.23418371 0.33291246 0.10963751 0.13066157 0.05777080
354.62440522 226.66832346 143.33967848 73.89411406 11.88732697 -3.80329527 -15.98361686 7.27776084 14.02292421 26.17770483 9717.05664062 678.81665093 529.86933811 137.15829827 100.83666881 -36.91531388 37.50044172 11.90987269 26.84308015 20.97722617 37.39722629 8.64830216 -20.64424227 -20.12945444 1.57798295 9.60680817 15.12948278 3.13431953 4.17397697 0.84798029
296.99054975 203.11322908 91.28847895 43.36735839 -11.19623983 -3.67923146 -16.20740912 0.09833286 4.21279283 16.28636240 678.81665093 3877.73046875 242.76875796 10.73103879 97.11531330 1.03986444 31.08120162 -23.67598784 -3.89680926 4.34783090 12.67437027 7.62195945 -8.53870654 -1.25145482 6.76967537 13.06854650 17.00299468 6.58964303 6.85729476 2.73644334
76.90204202 69.05451762 49.72081168 39.18114548 15.68606101 6.80482044 -0.43657400 2.97924385 4.75846413 10.29745911 529.86936363 242.76877230 2147.35327148 38.40858814 115.06486383 47.37520068 49.57023493 20.01153208 29.02823090 22.21794344 16.86857624 6.69651072 -13.10157869 -8.39057739 -4.25525919 -1.05115771 0.32483634 1.33862915 2.57022523 1.40191600
3.62853777 -4.89174661 -0.82534118 15.25628934 15.77042555 9.15339665 8.02615881 6.86385903 4.81501206 3.08518267 137.15827471 10.73103774 38.40858814 1302.36657715 71.76123822 64.24780272 45.25931536 46.93319728 33.38305228 26.30778066 6.67905753 4.10202714 -6.91339130 -0.82477434 3.01111572 5.81990589 10.48750027 11.61916698 10.91812924 6.39362288
27.82471494 13.06049584 12.59670318 14.85146894 11.52114431 1.12162978 1.71455500 0.40407744 1.31868760 0.12577872 100.83666881 97.11531330 115.06486446 71.76123822 855.80596924 31.61549832 34.36618283 34.23332648 25.53123068 11.55636808 2.79489525 -0.03746299 -6.34394899 -2.89126005 1.76430316 4.75691052 9.78039726 10.53089174 9.06037114 5.27016534
-5.83474215 -12.92639344 -14.73649576 -8.37246047 -2.97518267 -0.19389483 3.09512468 1.41262575 0.35522634 -1.26355263 -36.91531973 1.03986259 47.37520068 64.24780547 31.61549999 320.69274902 9.67638784 10.76226758 4.93036485 0.24767374 -0.59336616 0.97875160 3.79240937 4.85113557 6.33302047 7.84018936 12.01810527 11.32803939 8.72051694 4.67213476
-28.91239427 -14.73150492 -4.56630565 -0.24160416 -0.15979997 -1.07026398 0.58350232 -1.11304045 -0.44570336 -0.53496765 37.50044172 31.08119653 49.57023493 45.25931536 34.36618334 9.67638811 152.44737244 -0.26678606 5.62538739 2.16425343 1.05111902 -0.73524547 0.17051865 1.21192688 1.84519417 2.67651183 4.83076695 4.74266926 2.86702754 1.27011600
-24.27051663 -20.11046668 -6.19433262 -1.90951915 3.83124819 1.31827815 3.39351143 1.33137554 1.51172266 0.08566569 11.90987269 -23.67598601 20.01153208 46.93319728 34.23332304 10.76226928 -0.26678606 78.81962585 7.77697662 3.92865439 1.84244882 -0.90853934 -0.70368142 0.29426005 0.96724197 1.42400690 2.30029629 2.51759566 1.55704034 0.71451415
5.32040451 -1.34621692 11.05858650 5.75170619 7.91105138 2.00485047 2.66659075 1.87553676 1.79577058 0.60375883 26.84308015 -3.89681013 29.02823351 33.38305228 25.53123233 4.93036485 5.62538750 7.77697661 72.21421814 9.43584522 4.62405503 1.54328682 -2.10655540 -1.37003779 -1.32260605 -0.58503546 -0.17110425 0.45403081 0.16662374 -0.08663320
23.01660293 7.40282170 7.86828071 2.57299323 4.24683169 2.06465251 2.43996173 2.61147965 1.90290947 0.87796745 20.97722617 4.34782966 22.21794344 26.30778066 11.55636808 0.24767410 2.16425343 3.92865435 9.43584497 36.01791000 4.85371769 3.16171620 0.52523808 -0.32382452 -0.63171104 -0.24575487 0.16463587 0.64994030 0.72741049 0.35725346
23.42252755 12.47583938 8.20851981 4.48775575 3.39595043 2.44275591 1.63285544 1.83938638 1.15845777 0.64511618 37.39722629 12.67437027 16.86857624 6.67905753 2.79489525 -0.59336616 1.05111902 1.84244911 4.62405513 4.85371767 24.47976875 5.00669032 1.69504102 0.32583392 -0.60405947 -0.60044348 -0.35255994 0.31250758 0.26959590 0.03775164
18.02148732 9.85515661 2.53831842 0.86187583 0.00232116 1.56311770 1.06793662 1.17175742 0.44639641 0.14575509 8.64830078 7.62195945 6.69651072 4.10202714 -0.03746330 0.97875160 -0.73524547 -0.90853940 1.54328682 3.16171625 5.00669032 17.92274475 3.23892779 1.77202833 1.18617333 0.82080523 1.05797859 0.86582985 0.79586492 0.39035546
5.41514770 0.77583310 -5.15666873 -3.98704799 -2.65589837 0.47277263 0.56514694 0.46674412 -0.03107102 -0.28642222 -20.64424227 -8.53870654 -13.10157634 -6.91339084 -6.34395047 3.79240914 0.17051865 -0.70368142 -2.10655540 0.52523808 1.69504102 3.23892787 14.66771317 2.92875593 2.18803196 2.05707872 2.44703823 1.72216434 1.26500505 0.59230446
3.06948015 -0.17252549 -4.80883170 -3.95305958 -2.09121653 0.39011304 0.57730529 0.33218782 -0.08091191 -0.21273514 -20.12945444 -1.25145535 -8.39057581 -0.82477434 -2.89126005 4.85113587 1.21192688 0.29426010 -1.37003764 -0.32382452 0.32583390 1.77202828 2.92875596 6.62268496 2.34976550 2.32885268 2.98472938 1.97953228 1.54897066 0.79568558
4.26654779 -0.44268757 -3.98223086 -3.24201749 -1.11181180 -0.03671903 0.13454889 -0.15190012 0.07191585 0.15549215 1.57798368 6.76967630 -4.25525954 3.01111626 1.76430284 6.33302047 1.84519398 0.96724197 -1.32260605 -0.63171104 -0.60405947 1.18617346 2.18803200 2.34976544 5.03093052 2.65229910 3.55434712 2.50617808 1.93984553 1.01063309
7.42884370 1.30043138 -1.96567483 -2.19208152 -0.40196148 -0.34388268 -0.31324366 -0.62434088 0.01808711 0.23418371 9.60680817 13.06854650 -1.05115704 5.81990589 4.75691052 7.84018988 2.67651201 1.42400702 -0.58503546 -0.24575489 -0.60044348 0.82080523 2.05707872 2.32885262 2.65229914 4.77434731 4.29906192 2.90368248 2.37527172 1.24793004
7.98915567 -1.15964672 -3.63375046 -3.53171170 -0.80625043 -1.17682135 -0.94199143 -1.28297263 0.04806738 0.33291249 15.12948278 17.00299699 0.32483677 10.48750027 9.78039618 12.01810660 4.83076695 2.30029645 -0.17110425 0.16463590 -0.35255994 1.05797859 2.44703852 2.98472938 3.55434726 4.29906205 7.81041193 4.08419287 3.30374762 1.79338006
3.66578975 -2.70555002 -3.54180366 -3.30627829 -0.67797744 -0.82681288 -0.39884390 -0.74852365 0.13518170 0.10963751 3.13432083 6.58964303 1.33862900 11.61916794 10.53089174 11.32803845 4.74266959 2.51759543 0.45403084 0.64994037 0.31250758 0.86582985 1.72216414 1.97953228 2.50617831 2.90368257 4.08419276 3.96891260 2.36690346 1.28450728
4.43593442 -0.83900700 -2.09609447 -2.61760139 -0.87297415 -0.72550364 -0.17137088 -0.34992761 0.20107857 0.13066158 4.17397697 6.85729476 2.57022523 10.91813006 9.06037047 8.72051775 2.86702754 1.55704054 0.16662374 0.72741055 0.26959584 0.79586487 1.26500496 1.54897054 1.93984573 2.37527192 3.30374740 2.36690346 2.94417763 1.11935805
2.69694853 -0.01062824 -0.87871866 -1.50744865 -0.65892839 -0.49835077 -0.05362462 -0.13789567 0.13477918 0.05777080 0.84798020 2.73644336 1.40191600 6.39362358 5.27016527 4.67213479 1.27011624 0.71451417 -0.08663321 0.35725346 0.03775163 0.39035544 0.59230447 0.79568554 1.01063309 1.24793002 1.79338009 1.28450731 1.11935805 0.95475060
