2902.89819336 4.92367201 64.27327534 29.34901213 16.87899646 4.26040301 0.26462248 2.63768925 4.66110199 8.79160654
4.92367201 850.58294678 36.31387088 15.72946864 4.86050667 -1.36115326 1.93896430 3.45698403 2.10082687 1.28794546
64.27327534 36.31387045 545.26800537 12.74835066 -5.19315559 -13.26166939 -5.28634261 1.14976959 1.97703628 1.12680799
29.34901213 15.72946903 12.74835032 209.60610962 -13.69815061 -13.47993502 -4.41521376 0.82389665 1.16204350 0.71041422
16.87899646 4.86050667 -5.19315604 -13.69815062 99.45525360 -5.59745611 -2.33223487 0.35350705 -0.03165570 0.48718196
4.26040301 -1.36115391 -13.26166939 -13.47993483 -5.59745633 80.68313599 -2.50803796 -0.56855256 -0.98023539 -0.60761137
0.26462248 1.93896459 -5.28634170 -4.41521348 -2.33223490 -2.50803788 34.70430374 -1.30724079 -1.66497411 -1.77390257
2.63768925 3.45698403 1.14976959 0.82389665 0.35350705 -0.56855262 -1.30724076 14.79211330 -0.91650469 -0.91594187
4.66110199 2.10082687 1.97703610 1.16204350 -0.03165566 -0.98023546 -1.66497415 -0.91650470 5.70932198 -0.55044977
8.79160654 1.28794549 1.12680792 0.71041418 0.48718196 -0.60761139 -1.77390247 -0.91594187 -0.55044974 6.69634914
