3224.92187500 99.14745375 48.53927384 30.91070903 12.06951475 -8.37957004 2.07650703 9.16890316 1.96502669 -1.50128331
99.14745375 1246.07263184 15.32178860 15.68195316 6.59296219 -8.38149560 0.17800648 7.12010846 6.39505719 2.19198227
48.53927384 15.32178814 431.88415527 11.18755293 10.05061124 -1.64711374 9.03299570 5.75759451 6.21409535 1.49841089
30.91070903 15.68195413 11.18755204 233.68513489 3.15554348 -2.38293344 5.29076357 3.31421263 4.94561807 1.58886558
12.06951475 6.59296219 10.05061139 3.15554348 108.41242218 0.53014916 4.41140931 0.92519209 1.19505428 -0.16472285
-8.37957004 -8.38149641 -1.64711374 -2.38293341 0.53014919 48.27896881 1.70219747 -0.07932860 0.11005195 -0.49784054
2.07650703 0.17800648 9.03299570 5.29076357 4.41140907 1.70219742 35.39304352 -0.69333415 -0.23310774 -0.30669544
9.16890316 7.12010893 5.75759451 3.31421263 0.92519209 -0.07932864 -0.69333416 15.80002117 0.31686201 0.11085047
1.96502669 6.39505719 6.21409535 4.94561754 1.19505437 0.11005188 -0.23310774 0.31686202 6.80682039 0.41474645
-1.50128331 2.19198237 1.49841087 1.58886554 -0.16472285 -0.49784053 -0.30669544 0.11085048 0.41474645 2.62350726
