9717.05664062 753.18023945 580.19335475 52.01067063 125.33469452 -62.78828606 55.76525950 -44.87288708 -11.14312065 -16.91511103 30.38874349 4.20909617 -29.62147065 -26.44677538 -4.88466569 4.85238547 2.67247692 -10.34445274 -6.24503017 -5.02717344
753.18023945 3877.73046875 242.76875796 10.73103879 97.11531330 1.03986444 31.08120162 -23.67598784 -3.89680926 4.34783090 12.67437027 7.62195945 -8.53870654 -1.25145482 6.76967537 13.06854650 17.00299468 6.58964303 6.85729476 2.73644334
580.19335475 242.76877230 2147.35327148 38.40858814 115.06486383 47.37520068 49.57023493 20.01153208 29.02823090 22.21794344 16.86857624 6.69651072 -13.10157869 -8.39057739 -4.25525919 -1.05115771 0.32483634 1.33862915 2.57022523 1.40191600
52.01067063 10.73103774 38.40858814 1302.36657715 71.76123822 64.24780272 45.25931536 46.93319728 33.38305228 26.30778066 6.67905753 4.10202714 -6.91339130 -0.82477434 3.01111572 5.81990589 10.48750027 11.61916698 10.91812924 6.39362288
125.33469452 97.11531330 115.06486446 71.76123822 855.80596924 31.61549832 34.36618283 34.23332648 25.53123068 11.55636808 2.79489525 -0.03746299 -6.34394899 -2.89126005 1.76430316 4.75691052 9.78039726 10.53089174 9.06037114 5.27016534
-62.78828606 1.03986259 47.37520068 64.24780547 31.61549999 320.69274902 9.67638784 10.76226758 4.93036485 0.24767374 -0.59336616 0.97875160 3.79240937 4.85113557 6.33302047 7.84018936 12.01810527 11.32803939 8.72051694 4.67213476
55.76525950 31.08119653 49.57023493 45.25931536 34.36618334 9.67638811 152.44737244 -0.26678606 5.62538739 2.16425343 1.05111902 -0.73524547 0.17051865 1.21192688 1.84519417 2.67651183 4.83076695 4.74266926 2.86702754 1.27011600
-44.87288708 -23.67598601 20.01153208 46.93319728 34.23332304 10.76226928 -0.26678606 78.81962585 7.77697662 3.92865439 1.84244882 -0.90853934 -0.70368142 0.29426005 0.96724197 1.42400690 2.30029629 2.51759566 1.55704034 0.71451415
-11.14312065 -3.89681013 29.02823351 33.38305228 25.53123233 4.93036485 5.62538750 7.77697661 72.21421814 9.43584522 4.62405503 1.54328682 -2.10655540 -1.37003779 -1.32260605 -0.58503546 -0.17110425 0.45403081 0.16662374 -0.08663320
-16.91511103 4.34782966 22.21794344 26.30778066 11.55636808 0.24767410 2.16425343 3.92865435 9.43584497 36.01791000 4.85371769 3.16171620 0.52523808 -0.32382452 -0.63171104 -0.24575487 0.16463587 0.64994030 0.72741049 0.35725346
30.38874349 12.67437027 16.86857624 6.67905753 2.79489525 -0.59336616 1.05111902 1.84244911 4.62405513 4.85371767 24.47976875 5.00669032 1.69504102 0.32583392 -0.60405947 -0.60044348 -0.35255994 0.31250758 0.26959590 0.03775164
4.20909617 7.62195945 6.69651072 4.10202714 -0.03746330 0.97875160 -0.73524547 -0.90853940 1.54328682 3.16171625 5.00669032 17.92274475 3.23892779 1.77202833 1.18617333 0.82080523 1.05797859 0.86582985 0.79586492 0.39035546
-29.62147065 -8.53870654 -13.10157634 -6.91339084 -6.34395047 3.79240914 0.17051865 -0.70368142 -2.10655540 0.52523808 1.69504102 3.23892787 14.66771317 2.92875593 2.18803196 2.05707872 2.44703823 1.72216434 1.26500505 0.59230446
-26.44677538 -1.25145535 -8.39057581 -0.82477434 -2.89126005 4.85113587 1.21192688 0.29426010 -1.37003764 -0.32382452 0.32583390 1.77202828 2.92875596 6.62268496 2.34976550 2.32885268 2.98472938 1.97953228 1.54897066 0.79568558
-4.88466569 6.76967630 -4.25525954 3.01111626 1.76430284 6.33302047 1.84519398 0.96724197 -1.32260605 -0.63171104 -0.60405947 1.18617346 2.18803200 2.34976544 5.03093052 2.65229910 3.55434712 2.50617808 1.93984553 1.01063309
4.85238547 13.06854650 -1.05115704 5.81990589 4.75691052 7.84018988 2.67651201 1.42400702 -0.58503546 -0.24575489 -0.60044348 0.82080523 2.05707872 2.32885262 2.65229914 4.77434731 4.29906192 2.90368248 2.37527172 1.24793004
2.67247692 17.00299699 0.32483677 10.48750027 9.78039618 12.01810660 4.83076695 2.30029645 -0.17110425 0.16463590 -0.35255994 1.05797859 2.44703852 2.98472938 3.55434726 4.29906205 7.81041193 4.08419287 3.30374762 1.79338006
-10.34445274 6.58964303 1.33862900 11.61916794 10.53089174 11.32803845 4.74266959 2.51759543 0.45403084 0.64994037 0.31250758 0.86582985 1.72216414 1.97953228 2.50617831 2.90368257 4.08419276 3.96891260 2.36690346 1.28450728
-6.24503017 6.85729476 2.57022523 10.91813006 9.06037047 8.72051775 2.86702754 1.55704054 0.16662374 0.72741055 0.26959584 0.79586487 1.26500496 1.54897054 1.93984573 2.37527192 3.30374740 2.36690346 2.94417763 1.11935805
-5.02717344 2.73644336 1.40191600 6.39362358 5.27016527 4.67213479 1.27011624 0.71451417 -0.08663321 0.35725346 0.03775163 0.39035544 0.59230447 0.79568554 1.01063309 1.24793002 1.79338009 1.28450731 1.11935805 0.95475060
