11262.70312500 12.55054241 49.13316221 -5.82259807 -99.59529373 -38.09563815 -88.74912979 15.64895497 -1.06379722 -30.88474187 -47.39946444 -27.44760381 -3.25370103 18.76301200 3.26020381 4.39105213 0.17384329 18.31501436 12.15760433 13.20344645
12.55054241 4469.47509766 32.68409419 -41.25548637 -44.65248709 -55.39125292 -105.76725256 -39.82611709 -35.56282560 -7.61442535 -13.83985550 -7.97314595 -6.58922390 1.56184284 0.56687442 2.91792142 1.66739784 7.35370799 6.40413714 7.42583217
49.13316221 32.68410433 1658.31811523 -61.70590814 3.08308303 26.65702440 -18.84656352 0.86656327 -14.53236909 7.80970854 -3.76817861 -0.64255728 -4.46499736 0.62224256 1.71370946 3.65471513 3.04346407 4.80459073 4.54676719 4.64314530
-5.82259807 -41.25548747 -61.70591169 1237.68774414 6.76192708 17.89466826 -14.51591954 7.06973400 -15.86605202 11.31471925 -0.35074939 5.00631087 0.74564122 3.94177927 5.54101002 5.64446297 6.16913704 5.86026544 4.50340270 4.01471002
-99.59529373 -44.65248709 3.08308378 6.76192697 397.63735962 41.37629570 14.05212196 18.96387166 -0.38627327 6.13686405 -2.62221916 0.41424320 0.82351589 3.71290119 3.66529876 2.13415001 1.41204544 2.33961858 1.15610019 0.89512286
-38.09563815 -55.39125660 26.65702440 17.89466826 41.37629446 275.80612183 9.60513647 11.08114873 3.34772147 1.03429274 -2.05974043 0.56356324 3.51468375 6.64744159 3.81303982 1.59710573 -0.18168442 1.44709205 0.03373765 -0.19772754
-88.74912979 -105.76725896 -18.84656546 -14.51592122 14.05212213 9.60513650 208.67761230 0.36849429 4.74023663 0.06091814 0.12093938 -2.47744162 -1.11072199 0.47724194 0.80644557 0.72779315 0.72093658 1.59062746 0.41570551 0.14786752
15.64895497 -39.82611709 0.86656327 7.06973628 18.96387166 11.08114850 0.36849436 61.30512619 3.00388397 -0.56772505 1.17272118 0.13757804 1.09888153 1.73326110 1.81565937 2.12026846 2.73780387 2.58720093 1.31176516 0.92241319
-1.06379722 -35.56282560 -14.53237099 -15.86605202 -0.38627333 3.34772147 4.74023656 3.00388411 49.65639496 -0.20994065 2.55044075 1.19906546 2.20694586 1.52164962 1.96386524 2.15741917 3.62050823 2.82728309 1.80603227 1.34462816
-30.88474187 -7.61442535 7.80970776 11.31471925 6.13686367 1.03429306 0.06091801 -0.56772513 -0.20994065 33.45783234 3.29285213 2.34630405 2.99400419 2.07301651 1.96451124 1.87787142 2.80395086 2.21039856 1.50948535 1.19216488
-47.39946444 -13.83985457 -3.76817889 -0.35074964 -2.62221888 -2.05974043 0.12093983 1.17272118 2.55044075 3.29285213 17.65902328 2.16128836 2.69705614 1.73708234 0.99741105 0.67229032 1.28490960 1.01430312 0.88246636 0.70073770
-27.44760381 -7.97314757 -0.64255678 5.00631201 0.41424320 0.56356330 -2.47744162 0.13757800 1.19906546 2.34630411 2.16128836 5.94320393 2.00840056 1.62635319 0.89339328 0.45338020 0.47139589 0.47342886 0.42141898 0.33306654
-3.25370103 -6.58922390 -4.46499736 0.74564153 0.82351589 3.51468375 -1.11072186 1.09888160 2.20694586 2.99400440 2.69705598 2.00840055 7.22237206 2.76357269 1.60692833 1.16156039 1.24845001 1.23612060 0.86085573 0.63746460
18.76301200 1.56184284 0.62224220 3.94177927 3.71290119 6.64744100 0.47724207 1.73326110 1.52164962 2.07301672 1.73708264 1.62635319 2.76357267 7.24033737 2.29684919 1.97725793 2.42791754 2.28293673 1.39204216 1.00506018
3.26020381 0.56687442 1.71370946 5.54101002 3.66529876 3.81303982 0.80644563 1.81565937 1.96386504 1.96451107 0.99741099 0.89339328 1.60692833 2.29684917 4.74077845 2.13905595 2.90642743 2.58429771 1.57582697 1.15009709
4.39105213 2.91792184 3.65471513 5.64446297 2.13415001 1.59710552 0.72779315 2.12026846 2.15741935 1.87787128 0.67229032 0.45338014 1.16156039 1.97725795 2.13905594 3.58712029 3.23166561 2.70497033 1.69965206 1.25151403
0.17384329 1.66739784 3.04346375 6.16913649 1.41204528 -0.18168449 0.72093658 2.73780387 3.62050823 2.80395068 1.28490960 0.47139589 1.24845001 2.42791772 2.90642724 3.23166552 5.73034000 3.74790876 2.44333714 1.92383688
18.31501436 7.35370710 4.80459073 5.86026497 2.33961831 1.44709205 1.59062756 2.58720072 2.82728272 2.21039841 1.01430312 0.47342883 1.23612060 2.28293673 2.58429748 2.70497027 3.74790881 4.08524656 2.14612156 1.72370591
12.15760433 6.40413714 4.54676719 4.50340270 1.15610038 0.03373765 0.41570544 1.31176516 1.80603214 1.50948546 0.88246636 0.42141898 0.86085573 1.39204216 1.57582697 1.69965191 2.44333722 2.14612161 2.01524711 1.23691899
13.20344645 7.42583189 4.64314549 4.01470997 0.89512303 -0.19772759 0.14786751 0.92241315 1.34462805 1.19216490 0.70073770 0.33306655 0.63746461 1.00506017 1.15009709 1.25151400 1.92383688 1.72370588 1.23691902 1.41085160
