11010.62558175 485.94548785 350.25190809 156.78239114 16.02148765 45.06353618 22.96570626 59.84920002 4.70743861 39.49632765 10.21328318 -6.29905655 -3.06592633 2.25471230 -5.04015637 7.34125302 -3.80052129 0.50328186 3.97240459 -0.77597912
485.94548785 4581.23126051 -453.69448317 67.01875745 -58.96378438 -13.43889043 -0.20373043 -44.53584292 -21.47359741 -2.26200977 7.96183607 24.78966015 -1.56950195 -3.50719846 6.94566624 6.55631812 3.24769900 -0.98513788 2.25336068 0.88371352
350.25190809 -453.69448317 2070.38582275 -82.50206981 -26.37349851 -21.78772129 35.50641546 13.58815468 17.85502339 13.47289785 -12.71582239 -4.25577301 -0.73936674 -5.71247929 -0.63144641 -5.86465740 -3.83887393 -1.32536846 2.51724381 -0.01739184
156.78239114 67.01875745 -82.50206981 1175.98648246 48.04896129 -30.56600918 8.25747280 0.50661081 16.28755135 13.54928118 17.32550756 2.57832673 -2.24645262 3.85948418 0.82670665 0.55404148 -4.26115185 -1.04895399 -0.72252831 -0.33444224
16.02148765 -58.96378438 -26.37349851 48.04896129 498.38404828 -9.89757164 30.41406096 15.73659879 10.49437688 6.29068139 0.38620392 -0.19317819 3.04716074 0.42645801 2.54180024 -1.21564952 2.34439800 2.56260249 0.56127841 0.12838265
45.06353618 -13.43889043 -21.78772129 -30.56600918 -9.89757164 299.65089332 -4.18223244 7.32445797 -11.69264999 0.27200336 -5.29981072 -3.40488167 0.76140236 2.46936121 1.83613236 1.66860026 -0.28296404 -0.36187300 1.03671810 0.27226510
22.96570626 -0.20373043 35.50641546 8.25747280 30.41406096 -4.18223244 165.86006772 6.67637867 -2.86971542 4.10675654 -4.64792261 -1.27339740 -0.68040384 0.73092361 -0.63708020 0.81197809 1.45870914 1.53430475 -0.04841940 -0.68141084
59.84920002 -44.53584292 13.58815468 0.50661081 15.73659879 7.32445797 6.67637867 84.29839140 -0.08310793 1.93567913 0.16766253 4.74661030 2.04615197 1.39193284 -0.37986042 -0.28237656 0.15387331 0.15654809 -0.40564637 -0.35449829
4.70743861 -21.47359741 17.85502339 16.28755135 10.49437688 -11.69264999 -2.86971542 -0.08310793 49.27375451 2.53634855 1.08773215 0.68112854 -0.31509376 -0.75263706 -0.16173862 0.09473067 -0.03075987 0.06084764 -0.04425547 0.51533774
39.49632765 -2.26200977 13.47289785 13.54928118 6.29068139 0.27200336 4.10675654 1.93567913 2.53634855 30.93457213 4.57823424 1.14748533 1.15072692 -0.13896650 0.04721956 0.08547453 -0.02865505 0.57801529 0.50055871 -0.28899245
10.21328318 7.96183607 -12.71582239 17.32550756 0.38620392 -5.29981072 -4.64792261 0.16766253 1.08773215 4.57823424 16.45932215 2.86559913 1.17399515 0.18118118 -0.31562781 -0.13374900 0.18481997 0.18358670 0.07466567 -0.09000833
-6.29905655 24.78966015 -4.25577301 2.57832673 -0.19317819 -3.40488167 -1.27339740 4.74661030 0.68112854 1.14748533 2.86559913 10.50998399 2.30047370 1.21717990 -0.47208653 -0.29093622 -0.12804583 -0.09192554 0.04413477 -0.36371590
-3.06592633 -1.56950195 -0.73936674 -2.24645262 3.04716074 0.76140236 -0.68040384 2.04615197 -0.31509376 1.15072692 1.17399515 2.30047370 6.99693275 1.60534327 -0.54974087 -0.42283370 -0.06150946 -0.21249891 -0.11182882 0.05941673
2.25471230 -3.50719846 -5.71247929 3.85948418 0.42645801 2.46936121 0.73092361 1.39193284 -0.75263706 -0.13896650 0.18118118 1.21717990 1.60534327 3.91782983 0.42910352 0.27732824 0.24405887 -0.17163258 -0.01169961 0.14140467
-5.04015637 6.94566624 -0.63144641 0.82670665 2.54180024 1.83613236 -0.63708020 -0.37986042 -0.16173862 0.04721956 -0.31562781 -0.47208653 -0.54974087 0.42910352 2.84997732 0.80831239 0.43055877 0.09268986 0.13662054 0.13710355
7.34125302 6.55631812 -5.86465740 0.55404148 -1.21564952 1.66860026 0.81197809 -0.28237656 0.09473067 0.08547453 -0.13374900 -0.29093622 -0.42283370 0.27732824 0.80831239 2.06481605 0.63676110 0.22748796 0.07692879 -0.04015523
-3.80052129 3.24769900 -3.83887393 -4.26115185 2.34439800 -0.28296404 1.45870914 0.15387331 -0.03075987 -0.02865505 0.18481997 -0.12804583 -0.06150946 0.24405887 0.43055877 0.63676110 1.39956049 0.57229956 0.10114418 0.02338065
0.50328186 -0.98513788 -1.32536846 -1.04895399 2.56260249 -0.36187300 1.53430475 0.15654809 0.06084764 0.57801529 0.18358670 -0.09192554 -0.21249891 -0.17163258 0.09268986 0.22748796 0.57229956 1.06531522 0.40972591 -0.00541531
3.97240459 2.25336068 2.51724381 -0.72252831 0.56127841 1.03671810 -0.04841940 -0.40564637 -0.04425547 0.50055871 0.07466567 0.04413477 -0.11182882 -0.01169961 0.13662054 0.07692879 0.10114418 0.40972591 0.78999260 0.21539555
-0.77597912 0.88371352 -0.01739184 -0.33444224 0.12838265 0.27226510 -0.68141084 -0.35449829 0.51533774 -0.28899245 -0.09000833 -0.36371590 0.05941673 0.14140467 0.13710355 -0.04015523 0.02338065 -0.00541531 0.21539555 0.50300421
